0,456
0,455
0,454
0,453
0,452
0,451
0,450
0,449
0,448
0,447
0,446
0,445
0,444
0,443
0,442
0,441
0,440
0,439
0,438
0,437
0,436
40,52
40,51
40,50
0,435
0,434
0,433
0,432
0,431
0,430
0,429
0,428
0,427
0,426
0,425
0,424
0,423
0,422
0,421
0,420
0,419
0,418
0,417
0,416
0,415
0,414
0,413
0,412
0,411
0,410
0,409
49,5
49,4
49,3
49,2
0,408
49,1
49,0
0,407
0,406
48,6
48,5
48,4
48,3
48,2
0,405
48,1
48,0
0,404
0,403
47,5
47,4
47,3
47,2
0,402
47,1
47,0
46,4
46,3
46,2
0,401
46,1
46,0
40,49
40,48
40,47
40,46
40,45
40,44
40,43
40,42
40,41
40,40
40,39
40,38
40,37
40,36
45,3
45,2
45,1
45,0
44,3
44,2
44,1
44,0
43,4
43,3
43,2
43,1
43,0
